﻿layer,zi,deltazi,zhi
1,0.01,0.02,0.02
2,0.04,0.04,0.06
3,0.09,0.06,0.12
4,0.16,0.08,0.2
5,0.26,0.12,0.32
6,0.4,0.16,0.48
7,0.58,0.2,0.68
8,0.8,0.24,0.92
9,1.06,0.28,1.2
10,1.36,0.32,1.52
11,1.7,0.36,1.88
12,2.08,0.4,2.28
13,2.5,0.44,2.72
14,2.99,0.54,3.26
15,3.58,0.64,3.9
16,4.27,0.74,4.64
17,5.06,0.84,5.48
18,5.95,0.94,6.42
19,6.94,1.04,7.46
20,8.03,1.14,8.6
21,9.795,2.39,10.99
22,13.328,4.676,15.666
23,19.483,7.635,23.301
24,28.871,11.14,34.441
25,41.998,15.115,49.556